t	y
0.000
0.012
0.024
0.037
0.049
0.061
0.072
0.084
0.096
0.108
0.119
0.131
0.142
0.154
0.165
0.176
0.187
0.198
0.209
0.220
0.231
0.242
0.253
0.264
0.274
0.285
0.295
0.306
0.316
0.327
0.337
0.347
0.357
0.367
0.377
0.387
0.397
0.407
0.417
0.426
0.436
0.446
0.455
0.465
0.474
0.483
0.493
0.502
0.511
0.520
0.529
0.538
0.547
0.556
0.565
0.574
0.582
0.591
0.600
0.608
0.617
0.625
0.634
0.642
0.650
0.659
0.667
0.675
0.683
0.691
0.699
0.707
0.715
0.723
0.731
0.739
0.746
0.754
0.762
0.769
0.777
0.784
0.792
0.799
0.807
0.814
0.821
0.828
0.836
0.843
0.850
0.857
0.864
0.871
0.878
0.885
0.891
0.898
0.905
0.912
0.918
0.925
0.932
0.938
0.945
0.951
0.957
0.964
0.970
0.977
0.983
0.989
0.995
1.001
1.008
1.014
1.020
1.026
1.032
1.038
1.043
1.049
1.055
1.061
1.067
1.072
1.078
1.084
1.089
1.095
1.100
1.106
1.111
1.117
1.122
1.128
1.133
1.138
1.144
1.149
1.154
1.159
1.164
1.170
1.175
1.180
1.185
1.190
1.195
1.200
1.205
1.209
1.214
1.219
1.224
1.229
1.233
1.238
1.243
1.247
1.252
1.257
1.261
1.266
1.270
1.275
1.279
1.283
1.288
1.292
1.297
1.301
1.305
1.309
1.314
1.318
1.322
1.326
1.330
1.334
1.338
1.343
1.347
1.351
1.355
1.358
1.362
1.366
1.370
1.374
1.378
1.382
1.386
1.389
1.393
1.397
1.400
1.404
1.408
1.411
1.415
1.419
1.422
1.426
1.429
1.433
1.436
1.440
1.443
1.446
1.450
1.453
1.457
1.460
1.463
1.467
1.470
1.473
1.476
1.479
1.483
1.486
1.489
1.492
1.495
1.498
1.501
1.504
1.507
1.511
1.514
1.516
1.519
1.522
1.525
1.528
1.531
1.534
1.537
1.540
1.543
1.545
1.548
1.551
1.554
1.556
1.559
1.562
1.564
1.567
1.570
1.572
1.575
1.578
1.580
1.583
1.585
1.588
1.590
1.593
1.595
1.598
1.600
1.603
1.605
1.608
1.610
1.612
1.615
1.617
1.620
1.622
1.624
1.626
1.629
1.631
1.633
1.636
1.638
1.640
1.642
1.644
1.647
1.649
1.651
1.653
1.655
1.657
1.659
1.661
1.664
1.666
1.668
1.670
1.672
1.674
1.676
1.678
1.680
1.682
1.684
1.686
1.687
1.689
1.691
1.693
1.695
1.697
1.699
1.701
1.702
1.704
1.706
1.708
1.710
1.711
1.713
1.715
1.717
1.718
1.720
1.722
1.724
1.725
1.727
1.729
1.730
1.732
1.734
1.735
1.737
1.739
1.740
1.742
1.743
1.745
1.746
1.748
1.750
1.751
1.753
1.754
1.756
1.757
1.759
1.760
1.762
1.763
1.764
1.766
1.767
1.769
1.770
1.772
1.773
1.774
1.776
1.777
1.778
1.780
1.781
1.783
1.784
1.785
1.787
1.788
1.789
1.790
1.792
1.793
1.794
1.795
1.797
1.798
1.799
1.800
1.802
1.803
1.804
1.805
1.807
1.808
1.809
1.810
1.811
1.812
1.814
1.815
1.816
1.817
1.818
1.819
1.820
1.821
1.822
1.824
1.825
1.826
1.827
1.828
1.829
1.830
1.831
1.832
1.833
1.834
1.835
1.836
1.837
1.838
1.839
1.840
1.841
1.842
1.843
1.844
1.845
1.846
1.847
1.848
1.849
1.850
1.851
1.851
1.852
1.853
1.854
1.855
1.856
1.857
1.858
1.859
1.859
1.860
1.861
1.862
1.863
1.864
1.865
1.865
1.866
1.867
1.868
1.869
1.869
1.870
1.871
1.872
1.873
1.873
1.874
1.875
1.876
1.876
1.877
1.878
1.879
1.879
1.880
1.881
1.882
1.882
1.883
1.884
1.885
1.885
1.886
1.887
1.887
1.888
1.889
1.889
1.890
1.891
1.891
1.892
1.893
1.893
1.894
1.895
1.895
1.896
1.897
1.897
1.898
1.899
1.899
1.900
1.900
1.901
1.902
1.902
1.903
1.903
1.904
1.905
1.905
1.906
1.906
1.907
1.907
1.908
1.909
1.909
1.910
1.910
1.911
1.911
1.912
1.912
1.913
1.914
1.914
1.915
1.915
1.916
1.916
1.917
1.917
1.918
1.918
1.919
1.919
1.920
1.920
1.921
1.921
1.922
1.922
1.923
1.923
1.924
1.924
1.924
1.925
1.925
1.926
1.926
1.927
1.927
1.928
1.928
1.929
1.929
1.929
1.930
1.930
1.931
1.931
1.932
1.932
1.932
1.933
1.933
1.934
1.934
1.934
1.935
1.935
1.936
1.936
1.936
1.937
1.937
1.938
1.938
1.938
1.939
1.939
1.939
1.940
1.940
1.941
1.941
1.941
1.942
1.942
1.942
1.943
1.943
1.943
1.944
1.944
1.944
1.945
1.945
1.945
1.946
1.946
1.946
1.947
1.947
1.947
1.948
1.948
1.948
1.949
1.949
1.949
1.950
1.950
1.950
1.951
1.951
1.951
1.951
1.952
1.952
1.952
1.953
1.953
1.953
1.954
1.954
1.954
1.954
1.955
1.955
1.955
1.955
1.956
1.956
1.956
1.957
1.957
1.957
1.957
1.958
1.958
1.958
1.958
1.959
1.959
1.959
1.959
1.960
1.960
1.960
1.960
1.961
1.961
1.961
1.961
1.962
1.962
1.962
1.962
1.963
1.963
1.963
1.963
1.963
1.964
1.964
1.964
1.964
1.965
1.965
1.965
1.965
1.965
1.966
1.966
1.966
1.966
1.966
1.967
1.967
1.967
1.967
1.967
1.968
1.968
1.968
1.968
1.968
1.969
1.969
1.969
1.969
1.969
1.970
1.970
1.970
1.970
1.970
1.970
1.971
1.971
1.971
1.971
1.971
1.972
1.972
1.972
1.972
1.972
1.972
1.973
1.973
1.973
1.973
1.973
1.973
1.974
1.974
1.974
1.974
1.974
1.974
1.975
1.975
1.975
1.975
1.975
1.975
1.975
1.976
1.976
1.976
1.976
1.976
1.976
1.976
1.977
1.977
1.977
1.977
1.977
1.977
1.977
1.978
1.978
1.978
1.978
1.978
1.978
1.978
1.979
1.979
1.979
1.979
1.979
1.979
1.979
1.979
1.980
1.980
1.980
1.980
1.977
1.965
1.953
1.941
1.929
1.917
1.905
1.894
1.882
1.871
1.859
1.848
1.836
1.825
1.814
1.803
1.792
1.781
1.770
1.759
1.748
1.738
1.727
1.716
1.706
1.695
1.685
1.675
1.664
1.654
1.644
1.634
1.624
1.614
1.604
1.594
1.585
1.575
1.565
1.556
1.546
1.537
1.527
1.518
1.509
1.499
1.490
1.481
1.472
1.463
1.454
1.445
1.436
1.427
1.419
1.410
1.401
1.393
1.384
1.376
1.367
1.359
1.351
1.342
1.334
1.326
1.318
1.310
1.302
1.294
1.286
1.278
1.270
1.262
1.255
1.247
1.239
1.232
1.224
1.217
1.209
1.202
1.194
1.187
1.180
1.173
1.165
1.158
1.151
1.144
1.137
1.130
1.123
1.116
1.109
1.103
1.096
1.089
1.082
1.076
1.069
1.063
1.056
1.050
1.043
1.037
1.031
1.024
1.018
1.012
1.005
0.999
0.993
0.987
0.981
0.975
0.969
0.963
0.957
0.951
0.946
0.940
0.934
0.928
0.923
0.917
0.911
0.906
0.900
0.895
0.889
0.884
0.878
0.873
0.868
0.862
0.857
0.852
0.847
0.841
0.836
0.831
0.826
0.821
0.816
0.811
0.806
0.801
0.796
0.791
0.786
0.782
0.777
0.772
0.767
0.763
0.758
0.753
0.749
0.744
0.739
0.735
0.730
0.726
0.721
0.717
0.713
0.708
0.704
0.700
0.695
0.691
0.687
0.683
0.678
0.674
0.670
0.666
0.662
0.658
0.654
0.650
0.646
0.642
0.638
0.634
0.630
0.626
0.623
0.619
0.615
0.611
0.607
0.604
0.600
0.596
0.593
0.589
0.585
0.582
0.578
0.575
0.571
0.568
0.564
0.561
0.557
0.554
0.551
0.547
0.544
0.540
0.537
0.534
0.531
0.527
0.524
0.521
0.518
0.515
0.511
0.508
0.505
0.502
0.499
0.496
0.493
0.490
0.487
0.484
0.481
0.478
0.475
0.472
0.469
0.466
0.463
0.461
0.458
0.455
0.452
0.449
0.447
0.444
0.441
0.439
0.436
0.433
0.431
0.428
0.425
0.423
0.420
0.418
0.415
0.412
0.410
0.407
0.405
0.402
0.400
0.397
0.395
0.393
0.390
0.388
0.385
0.383
0.381
0.378
0.376
0.374
0.371
0.369
0.367
0.365
0.362
0.360
0.358
0.356
0.354
0.351
0.349
0.347
0.345
0.343
0.341
0.339
0.337
0.335
0.333
0.331
0.329
0.327
0.325
0.323
0.321
0.319
0.317
0.315
0.313
0.311
0.309
0.307
0.305
0.303
0.301
0.300
0.298
0.296
0.294
0.292
0.291
0.289
0.287
0.285
0.283
0.282
0.280
0.278
0.277
0.275
0.273
0.272
0.270
0.268
0.267
0.265
0.263
0.262
0.260
0.258
0.257
0.255
0.254
0.252
0.251
0.249
0.248
0.246
0.245
0.243
0.242
0.240
0.239
0.237
0.236
0.234
0.233
0.231
0.230
0.229
0.227
0.226
0.224
0.223
0.222
0.220
0.219
0.218
0.216
0.215
0.214
0.212
0.211
0.210
0.208
0.207
0.206
0.205
0.203
0.202
0.201
0.200
0.198
0.197
0.196
0.195
0.194
0.192
0.191
0.190
0.189
0.188
0.187
0.185
0.184
0.183
0.182
0.181
0.180
0.179
0.178
0.177
0.176
0.174
0.173
0.172
0.171
0.170
0.169
0.168
0.167
0.166
0.165
0.164
0.163
0.162
0.161
0.160
0.159
0.158
0.157
0.156
0.155
0.154
0.153
0.152
0.151
0.151
0.150
0.149
0.148
0.147
0.146
0.145
0.144
0.143
0.142
0.142
0.141
0.140
0.139
0.138
0.137
0.136
0.136
0.135
0.134
0.133
0.132
0.131
0.131
0.130
0.129
0.128
0.127
0.127
0.126
0.125
0.124
0.124
0.123
0.122
0.121
0.121
0.120
0.119
0.118
0.118
0.117
0.116
0.116
0.115
0.114
0.113
0.113
0.112
0.111
0.111
0.110
0.109
0.109
0.108
0.107
0.107
0.106
0.105
0.105
0.104
0.103
0.103
0.102
0.102
0.101
0.100
0.100
0.099
0.098
0.098
0.097
0.097
0.096
0.096
0.095
0.094
0.094
0.093
0.093
0.092
0.091
0.091
0.090
0.090
0.089
0.089
0.088
0.088
0.087
0.087
0.086
0.085
0.085
0.084
0.084
0.083
0.083
0.082
0.082
0.081
0.081
0.080
0.080
0.079
0.079
0.078
0.078
0.077
0.077
0.077
0.076
0.076
0.075
0.075
0.074
0.074
0.073
0.073
0.072
0.072
0.072
0.071
0.071
0.070
0.070
0.069
0.069
0.069
0.068
0.068
0.067
0.067
0.066
0.066
0.066
0.065
0.065
0.064
0.064
0.064
0.063
0.063
0.062
0.062
0.062
0.061
0.061
0.061
0.060
0.060
0.059
0.059
0.059
0.058
0.058
0.058
0.057
0.057
0.057
0.056
0.056
0.056
0.055
0.055
0.055
0.054
0.054
0.054
0.053
0.053
0.053
0.052
0.052
0.052
0.051
0.051
0.051
0.050
0.050
0.050
0.049
0.049
0.049
0.049
0.048
0.048
0.048
0.047
0.047
0.047
0.047
0.046
0.046
0.046
0.045
0.045
0.045
0.045
0.044
0.044
0.044
0.043
0.043
0.043
0.043
0.042
0.042
0.042
0.042
0.041
0.041
0.041
0.041
0.040
0.040
0.040
0.040
0.039
0.039
0.039
0.039
0.038
0.038
0.038
0.038
0.038
0.037
0.037
0.037
0.037
0.036
0.036
0.036
0.036
0.036
0.035
0.035
0.035
0.035
0.034
0.034
0.034
0.034
0.034
0.033
0.033
0.033
0.033
0.033
0.032
0.032
0.032
0.032
0.032
0.031
0.031
0.031
0.031
0.031
0.030
0.030
0.030
0.030
0.030
0.030
0.029
0.029
0.029
0.029
0.029
0.028
0.028
0.028
0.028
0.028
0.028
0.027
0.027
0.027
0.027
0.027
0.027
0.026
0.026
0.026
0.026
0.026
0.026
0.025
0.025
0.025
0.025
0.025
0.025
0.025
0.024
0.024
0.024
0.024
0.024
0.024
0.024
0.023
0.023
0.023
0.023
0.023
0.023
0.023
0.022
0.022
0.022
0.022
0.022
0.022
0.022
0.021
0.021
0.021
0.021
0.021
0.021
0.021
0.021
0.020
0.020
0.020
0.020
0.020
0.020
0.020
0.020
0.019
0.019
0.019
0.019
0.019
0.019
0.019
0.019
0.019
0.018
0.018
0.018
0.018
0.018
0.018
0.018
0.018
0.018
0.017
0.017
0.017
0.017
0.017
0.017
0.017
0.017
0.017
0.016
0.016
0.016
0.016
0.016
0.016
0.016
0.016
0.016
0.016
0.015
0.015
0.015
0.015
0.015
0.015
0.015
0.015
0.015
0.015
0.015
0.014
0.014
0.014
0.014
0.014
0.014
0.014
0.014
0.014
0.014
0.014
0.014
0.013
0.013
0.013
0.013
0.013
0.013
0.013
0.013
0.013
0.013
0.013
0.013
0.012
0.012
0.012
0.012
0.012
0.012
0.012
0.012
0.012
0.012
0.012
0.012
0.012
0.012
0.011
0.011
0.011
0.011
0.011
0.011
0.011
0.011
0.011
0.011
0.011
0.011
0.011
0.011
0.011
0.010
0.010
0.010
0.010
0.010
0.010
0.010
0.010
0.010
0.010
0.010
0.010
0.010
0.010
0.010
0.010
0.009
0.009
0.009
0.009
0.009
0.009
0.009
0.009
0.009
0.009
0.009
0.009
0.009
0.009
0.009
0.009
0.009
0.009
0.008
0.008
0.008
0.008
0.008
0.008
0.008
0.008
0.008
0.008
0.008
0.008
0.008
0.008
0.008
0.008
0.008
0.008
0.008
0.008
0.007
0.007
0.007
0.007
0.007
0.007
0.007
0.007
0.007
0.007
0.007
0.007
0.007
0.007
0.007
0.007
0.007
0.007
0.007
0.007
0.007
0.007
0.007
0.007
0.006
0.006
0.006
0.006
0.006
0.006
0.006
0.006
0.006
0.006
0.006
0.006
0.006
0.006
0.006
0.006
0.006
0.006
0.006
0.006
0.006
0.006
0.006
0.006
0.006
0.006
0.006
0.005
0.005
0.005
0.005
0.005
0.005
0.005
0.005
0.005
0.005
0.005
0.005
0.005
0.005
0.005
0.005
0.005
0.005
0.005
0.005
0.005
0.005
0.005
0.005
0.005
0.005
0.005
0.005
0.005
0.005
0.005
0.005
0.005
0.004
0.004
0.004
0.004
0.004
0.004
0.004
0.004
0.004
0.004
0.004
0.004
0.004
0.004
0.004
0.004
0.004
0.004
0.004
0.004
0.004
0.004
0.004
0.004
0.004
0.004
0.004
0.004
0.004
0.004
0.004
0.004
0.004
0.004
0.004
0.004
0.004
0.004
0.004
0.004
0.003
0.003
0.003
0.003
0.003
0.003
0.003
0.003
0.003
0.003
0.003
0.003
0.003
0.003
0.003
0.003
0.003
0.003
0.003
0.003
0.003
0.003
0.003
0.003
0.003
0.003
0.003
0.003
0.003
0.003
0.003
0.003
0.003
0.003
0.003
0.003
0.003
0.003
0.003
0.003
0.003
0.003
0.003
0.003
0.003
0.003
0.003
0.003
0.003
0.003
0.003
0.003
0.003
0.003
0.003
0.002
0.002
0.002
0.002
0.002
0.002
0.002
0.002
0.002
0.002
0.002
0.002
0.002
0.002
0.002
0.002
0.002
0.002
0.002
0.002
0.002
0.002
0.002
0.002
0.002
0.002
0.002
0.002
0.002
0.002
0.002
0.002
0.002
0.002
0.002
0.002
0.002
0.002
0.002
0.002
0.002
0.002
0.002
0.002
0.002
0.002
0.002
0.002
0.002
0.002
0.002
0.002
0.002
0.002
0.002
0.002
0.002
0.002
0.002
0.002
0.002
0.002
0.002
0.002
0.002
0.002
0.002
0.002
0.002
0.002
0.002
0.002
0.002
0.002
0.002
0.002
0.002
0.002
0.002
0.002
0.002
0.002
0.002
0.001
0.001
0.001
0.001
0.001
0.001
0.001
0.001
0.001
0.001
0.001
0.001
0.001
0.001
0.001
0.001
0.001
0.001
0.001
0.001
0.001
0.001
0.001
0.001
0.001
0.001
0.001
0.001
0.001
0.001
0.001
0.001
0.001
0.001
0.001
0.001
0.001
0.001
0.001
0.001
0.001
0.001
0.001
0.001
0.001
0.001
0.001
0.001
0.001
0.001
0.001
0.001
0.001
0.001
0.001
0.001
0.001
0.001
0.001
0.001
0.001
0.001
0.001
0.001
0.001
0.001
0.001
0.001
0.001
0.001
0.001
0.001
0.001
0.001
0.001
0.001
0.001
0.001
0.001
0.001
0.001
0.001
0.001
0.001
0.001
0.001
0.001
0.001
0.001
0.001
0.001
0.001
0.001
0.001
0.001
0.001
0.001
0.001
0.001
0.001
0.001
0.001
0.001
0.001
0.001
0.001
0.001
0.001
0.001
0.001
0.001
0.001
0.001
0.001
0.001
0.001
0.001
0.001
0.001
0.001
0.001
0.001
0.001
0.001
0.001
0.001
0.001
0.001
0.001
0.001
0.001
0.001
0.001
0.001
0.001
0.001
0.001
0.001
0.001
0.001
0.001
0.001
0.001
0.001
0.001
0.001
0.001
0.001
0.001
0.001
0.001
0.001
0.001
0.001
0.001
0.001
0.001
0.001
0.001
0.001
0.001
0.001
0.001
0.001
0.001
0.001
0.001
0.001
0.001
0.001
0.001
0.001
0.001
0.001
0.001
0.001
0.001
0.001
0.001
0.000
0.000
0.000
0.000
0.000
0.000
0.000
0.000
0.000
0.000
0.000
0.000
0.000
0.000
0.000
0.000
0.000
0.000
0.000
0.000
0.000
0.000
0.000
0.000
0.000
0.000
0.000
0.000
0.000
0.000
0.000
0.000
0.000
0.000
0.000
0.000
0.000
0.000
0.000
0.000
0.000
0.000
0.000
0.000
0.000
0.000
0.000
0.000
0.000
0.000
0.000
0.000
0.000
0.000
0.000
0.000
0.000
0.000
0.000
0.000
0.000
0.000
0.000
0.000
0.000
0.000
0.000
0.000
0.000
0.000
0.000
0.000
0.000
0.000
0.000
0.000
0.000
0.000
0.000
0.000
0.000
0.000
0.000
0.000
0.000
0.000
0.000
0.000
0.000
0.000
0.000
0.000
0.000
0.000
0.000
0.000
0.000
0.000
0.000
0.000
0.000
0.000
0.000
0.000
0.000
0.000
0.000
0.000
0.000
0.000
0.000
0.000
0.000
0.000
0.000
0.000
0.000
0.000
0.000
0.000
0.000
0.000
0.000
0.000
0.000
0.000
0.000
0.000
0.000
0.000
0.000
0.000
0.000
0.000
0.000
0.000
0.000
0.000
0.000
0.000
0.000
0.000
0.000
0.000
0.000
0.000
0.000
0.000
0.000
0.000
0.000
0.000
0.000
0.000
0.000
0.000
0.000
0.000
0.000
0.000
0.000
0.000
0.000
0.000
0.000
0.000
0.000
0.000
0.000
0.000
0.000
0.000
0.000
0.000
0.000
0.000
0.000
0.000
0.000
0.000
0.000
0.000
0.000
0.000
0.000
0.000
0.000
0.000
0.000
0.000
0.000
0.000
0.000
0.000
0.000
0.000
0.000
0.000
0.000
0.000
0.000
0.000
0.000
0.000
0.000
0.000
0.000
0.000
0.000
0.000
0.000
0.000
0.000
0.000
0.000
0.000
0.000
0.000
0.000
0.000
0.000
0.000
0.000
0.000
0.000
0.000
0.000
0.000
0.000
0.000
0.000
0.000
0.000
0.000
0.000
0.000
0.000
0.000
0.000
0.000
0.000
0.000
0.000
0.000
0.000
0.000
0.000
0.000
0.000
0.000
0.000
0.000
0.000
0.000
0.000
0.000
0.000
0.000
0.000
0.000
0.000
0.000
0.000
0.000
0.000
0.000
0.000
0.000
0.000
0.000
0.000
0.000
0.000
0.000
0.000
0.000
0.000
0.000
0.000
0.000
0.000
0.000
0.000
0.000
0.000
0.000
0.000
0.000
0.000
0.000
0.000
0.000
0.000
0.000
0.000
0.000
0.000
0.000
0.000
0.000
0.000
0.000
0.000
0.000
0.000
0.000
0.000
0.000
0.000
0.000
0.000
0.000
0.000
0.000
0.000
0.000
0.000
0.000
0.000
0.000
0.000
0.000
0.000
0.000
0.000
0.000
0.000
0.000
0.000
0.000
0.000
0.000
0.000
0.000
0.000
0.000
0.000
0.000
0.000
0.000
0.000
0.000
0.000
0.000
0.000
0.000
0.000
0.000
0.000
0.000
0.000
0.000
0.000
0.000
0.000
0.000
0.000
0.000
0.000
0.000
0.000
0.000
0.000
0.000
0.000
0.000
0.000
0.000
0.000
0.000
0.000
0.000
0.000
0.000
0.000
0.000
0.000
0.000
0.000
0.000
0.000
0.000
0.000
0.000
0.000
0.000
0.000
0.000
0.000
0.000
0.000
0.000
0.000
0.000
0.000
0.000
0.000
0.000
0.000
0.000
0.000
0.000
0.000
0.000
0.000
0.000
0.000
0.000
0.000
0.000
0.000
0.000
0.000
0.000
0.000
0.000
0.000
0.000
0.000
0.000
0.000
0.000
0.000
0.000
0.000
0.000
0.000
0.000
0.000
0.000
0.000
0.000
0.000
0.000
0.000
0.000
0.000
0.000
0.000
0.000
0.000
0.000
0.000
0.000
0.000
0.000
0.000
0.000
0.000
0.000
0.000
0.000
0.000
0.000
0.000
0.000
0.000
0.000
0.000
0.000
0.000
0.000
0.000
0.000
0.000
0.000
0.000
0.000
0.000
0.000
0.000
0.000
0.000
0.000
0.000
0.000
0.000
0.000
0.000
0.000
0.000
0.000
0.000
0.000
0.000
0.000
0.000
0.000
0.000
0.000
0.000
0.000
0.000
0.000
0.000
0.000
0.000
0.000
0.000
0.000
0.000
0.000
0.000
0.000
0.000
0.000
0.000
0.000
0.000
0.000
0.000
0.000
0.000
0.000
0.000
0.000
0.000
0.000
0.000
0.000
0.000
0.000
0.000
0.000
0.000
0.000
0.000
0.000
0.000
0.000
0.000
0.000
0.000
0.000
0.000
0.000
0.000
0.000
0.000
0.000
0.000
0.000
0.000
0.000
0.000
0.000
0.000
0.000
0.000
0.000
0.000
0.000
0.000
0.000
0.000
0.000
0.000
0.000
0.000
0.000
0.000
0.000
0.000
0.000
0.000
0.000
0.000
0.000
0.000
0.000
0.000
0.000
0.000
0.000
0.000
0.000
0.000
0.000
0.000
0.000
0.000
0.000
0.000
0.000
0.000
0.000
0.000
0.000
0.000
0.000
0.000
0.000
0.000
0.000
0.000
0.000
0.000
0.000
0.000
0.000
0.000
0.000
0.000
0.000
0.000
0.000
0.000
0.000
0.000
0.000
0.000
0.000
0.000
0.000
0.000
0.000
0.000
0.000
0.000
0.000
0.000
0.000
0.000
0.000
0.000
0.000
0.000
0.000
0.000
0.000
0.000
0.000
0.000
0.000
0.000
0.000
0.000
0.000
0.000
0.000
0.000
0.000
0.000
0.000
0.000
0.000
0.000
0.000
0.000
0.000
0.000
0.000
0.000
0.000
0.000
0.000
0.000
0.000
0.000
0.000
0.000
0.000
0.000
0.000
0.000
0.000
0.000
0.000
0.000
0.000
0.000
0.000
0.000
0.000
0.000
0.000
0.000
0.000
0.000
0.000
0.000
0.000
0.000
0.000
0.000
0.000
0.000
0.000
0.000
0.000
0.000
0.000
0.000
0.000
0.000
0.000
0.000
0.000
0.000
0.000
0.000
0.000
0.000
0.000
0.000
0.000
0.000
0.000
0.000
0.000
0.000
0.000
0.000
0.000
0.000
0.000
0.000
0.000
0.000
0.000
0.000
0.000
0.000
0.000
0.000
0.000
0.000
0.000
0.000
0.000
0.000
0.000
0.000
0.000
0.000
0.000
0.000
0.000
0.000
0.000
0.000
0.000
0.000
0.000
0.000
0.000
0.000
0.000
0.000
0.000
0.000
0.000
0.000
0.000
0.000
0.000
0.000
0.000
0.000
0.000
0.000
0.000
0.000
0.000
0.000
0.000
0.000
0.000
0.000
0.000
0.000
0.000
0.000
0.000
0.000
0.000
0.000
0.000
0.000
0.000
0.000
0.000
0.000
0.000
0.000
0.000
0.000
0.000
0.000
0.000
0.000
0.000
0.000
0.000
0.000
0.000
0.000
0.000
0.000
0.000
0.000
0.000
0.000
0.000
0.000
0.000
0.000
0.000
0.000
0.000
0.000
0.000
0.000
0.000
0.000
0.000
0.000
0.000
0.000
0.000
0.000
0.000
0.000
0.000
0.000
0.000
0.000
0.000
0.000
0.000
0.000
0.000
0.000
0.000
0.000
0.000
0.000
0.000
0.000
0.000
0.000
0.000
0.000
0.000
0.000
0.000
0.000
0.000
0.000
0.000
0.000
0.000
0.000
0.000
0.000
0.000
0.000
0.000
0.000
0.000
0.000
0.000
0.000
0.000
0.000
0.000
0.000
0.000
0.000
0.000
0.000
0.000
0.000
0.000
0.000
0.000
0.000
0.000
0.000
0.000
0.000
0.000
0.000
0.000
0.000
0.000
0.000
0.000
0.000
0.000
0.000
0.000
0.000
0.000
0.000
0.000
0.000
0.000
0.000
0.000
0.000
0.000
